376955
24644441
48356500
93442
660549
4370535
268284
4932942
6192
1880
9206506
44815741
116899244
4120
97844
29841
1493
2531
42965118
133
34122760
953673600
44639873
199
813270371
110505
179010
9184176
115752
111632278
56679084
25
3198840
103529984
73545
983910880
16811480
480000
4071566
524
14515851
1257
85354
3003221
6386
10692
98520
383636
20328035
67454
1876
635921842
382518336
35700
1484000000
1617961092
58975970
11636697
133186599
4991875
243445
521668
60297
1090677
2797
10167816
7116
10080
1286605
268263
1109158414
1142
600691
18982810
1725856
5450
801918
502573
56052
94465
729008280
165298320
508326
151184
25391193
38399
50556
34607812
41944
53500
2879520
1251077
65246
16
85842
1650647484
80625960
115704
5143
248304
3603692
42839616
4123
164082757
1878
110719
319891398
833602896
185184
213952
78931
134301604
671421
70158
850783995
155318
34876800
18226
719555
256672710
1143
1167
20952985
51940980
330139509
815760
951
9197362
3433675
67351065
1012680
146132303
478035
678912
4531938
2489850
2069
626940
2620940
395221248
2269
17176
177918
973406
1375428960
221204
304
270120
236
274063839
792224259
225720
44436
624188
6457
29198988
327770
12535012
4338080
1466395
104593090
20760
76572
4255
1595880
3158499
156529
30518262
696476
203616
1038160
271152
15126
118272972
111859
4914
594189
1254
781138122
12630
55725
90216
59805
34400
433254
9558
29316000
2987040
90
723
4176
210943590
17853
419724
1356
27593664
3855768
15559530
1718032779
218925
181705
7188
241547936
9313
24713450
249871440
229610631
39270
4308
8808870
36541877
4321100
56880
4506067
148813
5571
2175
13194
17322991
29392250
11138360
748455
2911600
9350
4996
981846
62308
4799
47147
4176
31200
22557668
1838
3505
73
101476
32420585
5682885
126279
5469282
4538624
1749153
20403125
748553
858
1033
108028
10674
273064
1642741
2483
9420800
2757294
93053300
790043
1446700
188697796
40727
398337
12531000
2369268
959968
2763419
120490076
6979920
1184486
40501
46525
67840
119681348
3885633
2259044
55020
4796172
397644
358785
509490
2671515
4163520
615600
62349
74659416
13959000
23815369
1016850240
712700
2210
497834
1289365
81180
444550
520783740
108976
203112
59162940
4850
8361
2591
15640
1042002
135749
3614347
2440505
326593610
14309064
110031480
1738170
199413405
81018144
18946
17332152
486720
69521
579680
8324640
883927
535
5695164
10759540
20723
29782203
108
64
182654
42552965
65703
703626
33374592
140339
6506952
50887
72140629
4499
15752202
109
5292008
3252
87885
19697057
921274333
